time_ns	amplitude
0.000	0.000000
0.200	0.000000
0.400	0.000000
0.600	0.000000
0.800	0.000000
1.000	0.000000
1.200	0.000000
1.400	0.000000
1.600	0.000000
1.800	0.000000
2.000	0.000000
2.200	0.000000
2.400	0.000000
2.600	0.000000
2.800	0.000000
3.000	0.000000
3.200	0.000000
3.400	0.000000
3.600	0.000000
3.800	0.000000
4.000	0.000000
4.200	0.000000
4.400	0.000000
4.600	0.000000
4.800	0.000000
5.000	0.000000
5.200	0.000000
5.400	0.000000
5.600	0.000000
5.800	0.000000
6.000	0.000000
6.200	0.000000
6.400	0.000000
6.600	0.000000
6.800	0.000000
7.000	0.000000
7.200	0.000000
7.400	0.000000
7.600	0.000000
7.800	0.000000
8.000	0.000000
8.200	0.000000
8.400	0.000000
8.600	0.000000
8.800	0.000000
9.000	0.000000
9.200	0.000000
9.400	0.000000
9.600	0.000000
9.800	0.000000
10.000	0.000000
10.200	0.000000
10.400	0.000000
10.600	0.000000
10.800	0.000000
11.000	0.000000
11.200	0.000000
11.400	0.000000
11.600	0.000000
11.800	0.000000
12.000	0.000000
12.200	0.000000
12.400	0.000000
12.600	0.000000
12.800	0.000000
13.000	0.000000
13.200	0.000000
13.400	0.000000
13.600	0.000000
13.800	0.000000
14.000	0.000000
14.200	0.000000
14.400	0.000000
14.600	0.000000
14.800	0.000000
15.000	0.000000
15.200	0.000000
15.400	0.000000
15.600	0.000000
15.800	0.000000
16.000	0.000000
16.200	0.000000
16.400	0.000000
16.600	0.000000
16.800	0.000000
17.000	0.000000
17.200	0.000000
17.400	0.000000
17.600	0.000000
17.800	0.000000
18.000	0.000000
18.200	0.000000
18.400	0.000000
18.600	0.000000
18.800	0.000000
19.000	0.000000
19.200	0.000000
19.400	0.000000
19.600	0.000000
19.800	0.000000
20.000	0.000000
20.200	0.000000
20.400	0.000000
20.600	0.000000
20.800	0.000000
21.000	0.000000
21.200	0.000000
21.400	0.000000
21.600	0.000000
21.800	0.000000
22.000	0.000000
22.200	0.000000
22.400	0.000000
22.600	0.000000
22.800	0.000000
23.000	0.000000
23.200	0.000000
23.400	0.000000
23.600	0.000000
23.800	0.000000
24.000	0.000000
24.200	0.000000
24.400	0.000000
24.600	0.000000
24.800	0.000000
25.000	0.000000
25.200	0.000000
25.400	0.000000
25.600	0.000000
25.800	0.000000
26.000	0.000000
26.200	0.000000
26.400	0.000000
26.600	0.000000
26.800	0.000000
27.000	0.000000
27.200	0.000000
27.400	0.000000
27.600	0.000000
27.800	0.000000
28.000	0.000000
28.200	0.000000
28.400	0.000000
28.600	0.000000
28.800	0.000000
29.000	0.000000
29.200	0.000000
29.400	0.000000
29.600	0.000000
29.800	0.000000
30.000	0.000000
30.200	0.000000
30.400	0.000000
30.600	0.000000
30.800	0.000000
31.000	0.000000
31.200	0.000000
31.400	0.000000
31.600	0.000000
31.800	0.000000
32.000	0.000000
32.200	0.000000
32.400	0.000000
32.600	0.000000
32.800	0.000000
33.000	0.000000
33.200	0.000000
33.400	0.000000
33.600	0.000000
33.800	0.000000
34.000	0.000000
34.200	0.000000
34.400	0.000000
34.600	0.000000
34.800	0.000000
35.000	0.000000
35.200	0.000000
35.400	0.000000
35.600	0.000000
35.800	0.000000
36.000	0.000000
36.200	0.000000
36.400	0.000000
36.600	0.000000
36.800	0.000000
37.000	0.000000
37.200	0.000000
37.400	0.000000
37.600	0.000000
37.800	0.000000
38.000	0.000000
38.200	0.000000
38.400	0.000000
38.600	0.000000
38.800	0.000000
39.000	0.000000
39.200	0.000000
39.400	0.000000
39.600	0.000000
39.800	0.000000
40.000	0.000000
40.200	0.000000
40.400	0.000000
40.600	0.000000
40.800	0.000000
41.000	0.000000
41.200	0.000000
41.400	0.000000
41.600	0.000000
41.800	0.000000
42.000	0.000000
42.200	0.000000
42.400	0.000000
42.600	0.000000
42.800	0.000000
43.000	0.000000
43.200	0.000000
43.400	0.000000
43.600	0.000000
43.800	0.000000
44.000	0.000000
44.200	0.000000
44.400	0.000000
44.600	0.000000
44.800	0.000000
45.000	0.000000
45.200	0.000000
45.400	0.000000
45.600	0.000000
45.800	0.000000
46.000	0.000000
46.200	0.000000
46.400	0.000000
46.600	0.000000
46.800	0.000000
47.000	0.000000
47.200	0.000000
47.400	0.000000
47.600	0.000000
47.800	0.000000
48.000	0.000000
48.200	0.000000
48.400	0.000000
48.600	0.000000
48.800	0.000000
49.000	0.000000
49.200	0.000000
49.400	0.000000
49.600	0.000000
49.800	0.000000
50.000	0.000000
50.200	0.000000
50.400	0.000000
50.600	0.000000
50.800	0.000000
51.000	0.000000
51.200	0.000000
51.400	0.000000
51.600	0.000000
51.800	0.000000
52.000	0.000000
52.200	0.000000
52.400	0.000000
52.600	0.000000
52.800	0.000000
53.000	0.000000
53.200	0.000000
53.400	0.000000
53.600	0.000000
53.800	0.000000
54.000	0.000000
54.200	0.000000
54.400	0.000000
54.600	0.000000
54.800	0.000000
55.000	0.000000
55.200	0.000000
55.400	0.000000
55.600	0.000000
55.800	0.000000
56.000	0.000000
56.200	0.000000
56.400	0.000000
56.600	0.000000
56.800	0.000000
57.000	0.000000
57.200	0.000000
57.400	0.000000
57.600	0.000000
57.800	0.000000
58.000	0.000000
58.200	0.000000
58.400	0.000000
58.600	0.000000
58.800	0.000000
59.000	0.000000
59.200	0.000000
59.400	0.000000
59.600	0.000000
59.800	0.000000
60.000	0.000000
60.200	0.000000
60.400	0.000000
60.600	0.000000
60.800	0.000000
61.000	0.000000
61.200	0.000000
61.400	0.000000
61.600	0.000000
61.800	0.000000
62.000	0.000000
62.200	0.000000
62.400	0.000000
62.600	0.000000
62.800	0.000000
63.000	0.000000
63.200	0.000000
63.400	0.000000
63.600	0.000000
63.800	0.000000
64.000	0.000000
64.200	0.000000
64.400	0.000000
64.600	0.000000
64.800	0.000000
65.000	0.000000
65.200	0.000000
65.400	0.000000
65.600	0.000000
65.800	0.000000
66.000	0.000000
66.200	0.000000
66.400	0.000000
66.600	0.000000
66.800	0.000000
67.000	0.000000
67.200	0.000000
67.400	0.000000
67.600	0.000000
67.800	0.000000
68.000	0.000000
68.200	0.000000
68.400	0.000000
68.600	0.000000
68.800	0.000000
69.000	0.000000
69.200	0.000000
69.400	0.000000
69.600	0.000000
69.800	0.000000
70.000	0.000000
70.200	0.000000
70.400	0.000000
70.600	0.000000
70.800	0.000000
71.000	0.000000
71.200	0.000000
71.400	0.000000
71.600	0.000000
71.800	0.000000
72.000	0.000000
72.200	0.000000
72.400	0.000000
72.600	0.000000
72.800	0.000000
73.000	0.000000
73.200	0.000000
73.400	0.000000
73.600	0.000000
73.800	0.000000
74.000	0.000000
74.200	0.000000
74.400	0.000000
74.600	0.000000
74.800	0.000000
75.000	0.000000
75.200	0.000000
75.400	0.000000
75.600	0.000000
75.800	0.000000
76.000	0.000000
76.200	0.000000
76.400	0.000000
76.600	0.000000
76.800	0.000000
77.000	0.000000
77.200	0.000000
77.400	0.000000
77.600	0.000000
77.800	0.000000
78.000	0.000000
78.200	0.000000
78.400	0.000000
78.600	0.000000
78.800	0.000000
79.000	0.000000
79.200	0.000000
79.400	0.000000
79.600	0.000000
79.800	0.000000
80.000	0.000000
80.200	0.000000
80.400	0.000000
80.600	0.000000
80.800	0.000000
81.000	0.000000
81.200	0.000000
81.400	0.000000
81.600	0.000000
81.800	0.000000
82.000	0.000000
82.200	0.000000
82.400	0.000000
82.600	0.000000
82.800	0.000000
83.000	0.000000
83.200	0.000000
83.400	0.000000
83.600	0.000000
83.800	0.000000
84.000	0.000000
84.200	0.000000
84.400	0.000000
84.600	0.000000
84.800	0.000000
85.000	0.000000
85.200	0.000000
85.400	0.000000
85.600	0.000000
85.800	0.000000
86.000	0.000000
86.200	0.000000
86.400	0.000000
86.600	0.000000
86.800	0.000000
87.000	0.000000
87.200	0.000000
87.400	0.000000
87.600	0.000000
87.800	0.000000
88.000	0.000000
88.200	0.000000
88.400	0.000000
88.600	0.000000
88.800	0.000000
89.000	0.000000
89.200	0.000000
89.400	0.000000
89.600	0.000000
89.800	0.000000
90.000	0.000000
90.200	0.000000
90.400	0.000000
90.600	0.000000
90.800	0.000000
91.000	0.000000
91.200	0.000000
91.400	0.000000
91.600	0.000000
91.800	0.000000
92.000	0.000000
92.200	0.000000
92.400	0.000000
92.600	0.000000
92.800	0.000000
93.000	0.000000
93.200	0.000000
93.400	0.000000
93.600	0.000000
93.800	0.000000
94.000	0.000000
94.200	0.000000
94.400	0.000000
94.600	0.000000
94.800	0.000000
95.000	0.000000
95.200	0.000000
95.400	0.000000
95.600	0.000000
95.800	0.000000
96.000	0.000000
96.200	0.000000
96.400	0.000000
96.600	0.000000
96.800	0.000000
97.000	0.000000
97.200	0.000000
97.400	0.000000
97.600	0.000000
97.800	0.000000
98.000	0.000000
98.200	0.000000
98.400	0.000000
98.600	0.000000
98.800	0.000000
99.000	0.000000
99.200	0.000000
99.400	0.000000
99.600	0.000000
99.800	0.000000
100.000	0.000000
100.200	0.000000
100.400	0.000000
100.600	0.000000
100.800	0.000000
101.000	0.000000
101.200	0.000000
101.400	0.000000
101.600	0.000000
101.800	0.000000
102.000	0.000000
102.200	0.000000
102.400	0.000000
102.600	0.000000
102.800	0.000000
103.000	0.000000
103.200	0.000000
103.400	0.000000
103.600	0.000000
103.800	0.000000
104.000	0.000000
104.200	0.000000
104.400	0.000000
104.600	0.000000
104.800	0.000000
105.000	0.000000
105.200	0.000000
105.400	0.000000
105.600	0.000000
105.800	0.000000
106.000	0.000000
106.200	0.000000
106.400	0.000000
106.600	0.000000
106.800	0.000000
107.000	0.000000
107.200	0.000000
107.400	0.000000
107.600	0.000000
107.800	0.000000
108.000	0.000000
108.200	0.000000
108.400	0.000000
108.600	0.000000
108.800	0.000000
109.000	0.000000
109.200	0.000000
109.400	0.000000
109.600	0.000000
109.800	0.000000
110.000	0.000000
110.200	0.000000
110.400	0.000000
110.600	0.000000
110.800	0.000000
111.000	0.000000
111.200	0.000000
111.400	0.000000
111.600	0.000000
111.800	0.000000
112.000	0.000000
112.200	0.000000
112.400	0.000000
112.600	0.000000
112.800	0.000000
113.000	0.000000
113.200	0.000000
113.400	0.000000
113.600	0.000000
113.800	0.000000
114.000	0.000000
114.200	0.000000
114.400	0.000000
114.600	0.000000
114.800	0.000000
115.000	0.000000
115.200	0.000000
115.400	0.000000
115.600	0.000000
115.800	0.000000
116.000	0.000000
116.200	0.000000
116.400	0.000000
116.600	0.000000
116.800	0.000000
117.000	0.000000
117.200	0.000000
117.400	0.000000
117.600	0.000000
117.800	0.000000
118.000	0.000000
118.200	0.000000
118.400	0.000000
118.600	0.000000
118.800	0.000000
119.000	0.000000
119.200	0.000000
119.400	0.000000
119.600	0.000000
119.800	0.000000
120.000	0.000000
120.200	0.000000
120.400	0.000000
120.600	0.000000
120.800	0.000000
121.000	0.000000
121.200	0.000000
121.400	0.000000
121.600	0.000000
121.800	0.000000
122.000	0.000000
122.200	0.000000
122.400	0.000000
122.600	0.000000
122.800	0.000000
123.000	0.000000
123.200	0.000000
123.400	0.000000
123.600	0.000000
123.800	0.000000
124.000	0.000000
124.200	0.000000
124.400	0.000000
124.600	0.000000
124.800	0.000000
125.000	0.000000
125.200	0.000000
125.400	0.000000
125.600	0.000000
125.800	0.000000
126.000	0.000000
126.200	0.000000
126.400	0.000000
126.600	0.000000
126.800	0.000000
127.000	0.000000
127.200	0.000000
127.400	0.000000
127.600	0.000000
127.800	0.000000
128.000	0.000000
128.200	0.000000
128.400	0.000000
128.600	0.000000
128.800	0.000000
129.000	0.000000
129.200	0.000000
129.400	0.000000
129.600	0.000000
129.800	0.000000
130.000	0.000000
130.200	0.000000
130.400	0.000000
130.600	0.000000
130.800	0.000000
131.000	0.000000
131.200	0.000000
131.400	0.000000
131.600	0.000000
131.800	0.000000
132.000	0.000000
132.200	0.000000
132.400	0.000000
132.600	0.000000
132.800	0.000000
133.000	0.000000
133.200	0.000000
133.400	0.000000
133.600	0.000000
133.800	0.000000
134.000	0.000000
134.200	0.000000
134.400	0.000000
134.600	0.000000
134.800	0.000000
135.000	0.000000
135.200	0.000000
135.400	0.000000
135.600	0.000000
135.800	0.000000
136.000	0.000000
136.200	0.000000
136.400	0.000000
136.600	0.000000
136.800	0.000000
137.000	0.000000
137.200	0.000000
137.400	0.000000
137.600	0.000000
137.800	0.000000
138.000	0.000000
138.200	0.000000
138.400	0.000000
138.600	0.000000
138.800	0.000000
139.000	0.000000
139.200	0.000000
139.400	0.000000
139.600	0.000000
139.800	0.000000
140.000	0.000000
140.200	0.000000
140.400	0.000000
140.600	0.000000
140.800	0.000000
141.000	0.000000
141.200	0.000000
141.400	0.000000
141.600	0.000000
141.800	0.000000
142.000	0.000000
142.200	0.000000
142.400	0.000000
142.600	0.000000
142.800	0.000000
143.000	0.000000
143.200	0.000000
143.400	0.000000
143.600	0.000000
143.800	0.000000
144.000	0.000000
144.200	0.000000
144.400	0.000000
144.600	0.000000
144.800	0.000000
145.000	0.000000
145.200	0.000000
145.400	0.000000
145.600	0.000000
145.800	0.000000
146.000	0.000000
146.200	0.000000
146.400	0.000000
146.600	0.000000
146.800	0.000000
147.000	0.000000
147.200	0.000000
147.400	0.000000
147.600	0.000000
147.800	0.000000
148.000	0.000000
148.200	0.000000
148.400	0.000000
148.600	0.000000
148.800	0.000000
149.000	0.000000
149.200	0.000000
149.400	0.000000
149.600	0.000000
149.800	0.000000
150.000	0.000000
150.200	0.000000
150.400	0.000000
150.600	0.000000
150.800	0.000000
151.000	0.000000
151.200	0.000000
151.400	0.000000
151.600	0.000000
151.800	0.000000
152.000	0.000000
152.200	0.000000
152.400	0.000000
152.600	0.000000
152.800	0.000000
153.000	0.000000
153.200	0.000000
153.400	0.000000
153.600	0.000000
153.800	0.000000
154.000	0.000000
154.200	0.000000
154.400	0.000000
154.600	0.000000
154.800	0.000000
155.000	0.000000
155.200	0.000000
155.400	0.000000
155.600	0.000000
155.800	0.000000
156.000	0.000000
156.200	0.000000
156.400	0.000000
156.600	0.000000
156.800	0.000000
157.000	0.000000
157.200	0.000000
157.400	0.000000
157.600	0.000000
157.800	0.000000
158.000	0.000000
158.200	0.000000
158.400	0.000000
158.600	0.000000
158.800	0.000000
159.000	0.000000
159.200	0.000000
159.400	0.000000
159.600	0.000000
159.800	0.000000
160.000	0.000000
160.200	0.000000
160.400	0.000000
160.600	0.000000
160.800	0.000000
161.000	0.000000
161.200	0.000000
161.400	0.000000
161.600	0.000000
161.800	0.000000
162.000	0.000000
162.200	0.000000
162.400	0.000000
162.600	0.000000
162.800	0.000000
163.000	0.000000
163.200	0.000000
163.400	0.000000
163.600	0.000000
163.800	0.000000
164.000	0.000000
164.200	0.000000
164.400	0.000000
164.600	0.000000
164.800	0.000000
165.000	0.000000
165.200	0.000000
165.400	0.000000
165.600	0.000000
165.800	0.000000
166.000	0.000000
166.200	0.000000
166.400	0.000000
166.600	0.000000
166.800	0.000000
167.000	0.000000
167.200	0.000000
167.400	0.000000
167.600	0.000000
167.800	0.000000
168.000	0.000000
168.200	0.000000
168.400	0.000000
168.600	0.000000
168.800	0.000000
169.000	0.000000
169.200	0.000000
169.400	0.000000
169.600	0.000000
169.800	0.000000
170.000	0.000000
170.200	0.000000
170.400	0.000000
170.600	0.000000
170.800	0.000000
171.000	0.000000
171.200	0.000000
171.400	0.000000
171.600	0.000000
171.800	0.000000
172.000	0.000000
172.200	0.000000
172.400	0.000000
172.600	0.000000
172.800	0.000000
173.000	0.000000
173.200	0.000000
173.400	0.000000
173.600	0.000000
173.800	0.000000
174.000	0.000000
174.200	0.000000
174.400	0.000000
174.600	0.000000
174.800	0.000000
175.000	0.000000
175.200	0.000000
175.400	0.000000
175.600	0.000000
175.800	0.000000
176.000	0.000000
176.200	0.000000
176.400	0.000000
176.600	0.000000
176.800	0.000000
177.000	0.000000
177.200	0.000000
177.400	0.000000
177.600	0.000000
177.800	0.000000
178.000	0.000000
178.200	0.000000
178.400	0.000000
178.600	0.000000
178.800	0.000000
179.000	0.000000
179.200	0.000000
179.400	0.000000
179.600	0.000000
179.800	0.000000
180.000	0.000000
180.200	0.000000
180.400	0.000000
180.600	0.000000
180.800	0.000000
181.000	0.000000
181.200	0.000000
181.400	0.000000
181.600	0.000000
181.800	0.000000
182.000	0.000000
182.200	0.000000
182.400	0.000000
182.600	0.000000
182.800	0.000000
183.000	0.000000
183.200	0.000000
183.400	0.000000
183.600	0.000000
183.800	0.000000
184.000	0.000000
184.200	0.000000
184.400	0.000000
184.600	0.000000
184.800	0.000000
185.000	0.000000
185.200	0.000000
185.400	0.000000
185.600	0.000000
185.800	0.000000
186.000	0.000000
186.200	0.000000
186.400	0.000000
186.600	0.000000
186.800	0.000000
187.000	0.000000
187.200	0.000000
187.400	0.000000
187.600	0.000000
187.800	0.000000
188.000	0.000000
188.200	0.000000
188.400	0.000000
188.600	0.000000
188.800	0.000000
189.000	0.000000
189.200	0.000000
189.400	0.000000
189.600	0.000000
189.800	0.000000
190.000	0.000000
190.200	0.000000
190.400	0.000000
190.600	0.000000
190.800	0.000000
191.000	0.000000
191.200	0.000000
191.400	0.000000
191.600	0.000000
191.800	0.000000
192.000	0.000000
192.200	0.000000
192.400	0.000000
192.600	0.000000
192.800	0.000000
193.000	0.000000
193.200	0.000000
193.400	0.000000
193.600	0.000000
193.800	0.000000
194.000	0.000000
194.200	0.000000
194.400	0.000000
194.600	0.000000
194.800	0.000000
195.000	0.000000
195.200	0.000000
195.400	0.000000
195.600	0.000000
195.800	0.000000
196.000	0.000000
196.200	0.000000
196.400	0.000000
196.600	0.000000
196.800	0.000000
197.000	0.000000
197.200	0.000000
197.400	0.000000
197.600	0.000000
197.800	0.000000
198.000	0.000000
198.200	0.000000
198.400	0.000000
198.600	0.000000
198.800	0.000000
199.000	0.000000
199.200	0.000000
199.400	0.000000
199.600	0.000000
199.800	0.000000
200.000	0.000000
200.200	0.000000
200.400	0.000000
200.600	0.000000
200.800	0.000000
201.000	0.000000
201.200	0.000000
201.400	0.000000
201.600	0.000000
201.800	0.000000
202.000	0.000000
202.200	0.000000
202.400	0.000000
202.600	0.000000
202.800	0.000000
203.000	0.000000
203.200	0.000000
203.400	0.000000
203.600	0.000000
203.800	0.000000
204.000	0.000000
204.200	0.000000
204.400	0.000000
204.600	0.000000
204.800	0.000000
205.000	0.000000
205.200	0.000000
205.400	0.000000
205.600	0.000000
205.800	0.000000
206.000	0.000000
206.200	0.000000
206.400	0.000000
206.600	0.000000
206.800	0.000000
207.000	0.000000
207.200	0.000000
207.400	0.000000
207.600	0.000000
207.800	0.000000
208.000	0.000000
208.200	0.000000
208.400	0.000000
208.600	0.000000
208.800	0.000000
209.000	0.000000
209.200	0.000000
209.400	0.000000
209.600	0.000000
209.800	0.000000
210.000	0.000000
210.200	0.000000
210.400	0.000000
210.600	0.000000
210.800	0.000000
211.000	0.000000
211.200	0.000000
211.400	0.000000
211.600	0.000000
211.800	0.000000
212.000	0.000000
212.200	0.000000
212.400	0.000000
212.600	0.000000
212.800	0.000000
213.000	0.000000
213.200	0.000000
213.400	0.000000
213.600	0.000000
213.800	0.000000
214.000	0.000000
214.200	0.000000
214.400	0.000000
214.600	0.000000
214.800	0.000000
215.000	0.000000
215.200	0.000000
215.400	0.000000
215.600	0.000000
215.800	0.000000
216.000	0.000000
216.200	0.000000
216.400	0.000000
216.600	0.000000
216.800	0.000000
217.000	0.000000
217.200	0.000000
217.400	0.000000
217.600	0.000000
217.800	0.000000
218.000	0.000000
218.200	0.000000
218.400	0.000000
218.600	0.000000
218.800	0.000000
219.000	0.000000
219.200	0.000000
219.400	0.000000
219.600	0.000000
219.800	0.000000
220.000	0.000000
220.200	0.000000
220.400	0.000000
220.600	0.000000
220.800	0.000000
221.000	0.000000
221.200	0.000000
221.400	0.000000
221.600	0.000000
221.800	0.000000
222.000	0.000000
222.200	0.000000
222.400	0.000000
222.600	0.000000
222.800	0.000000
223.000	0.000000
223.200	0.000000
223.400	0.000000
223.600	0.000000
223.800	0.000000
224.000	0.000000
224.200	0.000000
224.400	0.000000
224.600	0.000000
224.800	0.000000
225.000	0.000000
225.200	0.000000
225.400	0.000000
225.600	0.000000
225.800	0.000000
226.000	0.000000
226.200	0.000000
226.400	0.000000
226.600	0.000000
226.800	0.000000
227.000	0.000000
227.200	0.000000
227.400	0.000000
227.600	0.000000
227.800	0.000000
228.000	0.000000
228.200	0.000000
228.400	0.000000
228.600	0.000000
228.800	0.000000
229.000	0.000000
229.200	0.000000
229.400	0.000000
229.600	0.000000
229.800	0.000000
230.000	0.000000
230.200	0.000000
230.400	0.000000
230.600	0.000000
230.800	0.000000
231.000	0.000000
231.200	0.000000
231.400	0.000000
231.600	0.000000
231.800	0.000000
232.000	0.000000
232.200	0.000000
232.400	0.000000
232.600	0.000000
232.800	0.000000
233.000	0.000000
233.200	0.000000
233.400	0.000000
233.600	0.000000
233.800	0.000000
234.000	0.000000
234.200	0.000000
234.400	0.000000
234.600	0.000000
234.800	0.000000
235.000	0.000000
235.200	0.000000
235.400	0.000000
235.600	0.000000
235.800	0.000000
236.000	0.000000
236.200	0.000000
236.400	0.000000
236.600	0.000000
236.800	0.000000
237.000	0.000000
237.200	0.000000
237.400	0.000000
237.600	0.000000
237.800	0.000000
238.000	0.000000
238.200	0.000000
238.400	0.000000
238.600	0.000000
238.800	0.000000
239.000	0.000000
239.200	0.000000
239.400	0.000000
239.600	0.000000
239.800	0.000000
240.000	0.000000
240.200	0.000000
240.400	0.000000
240.600	0.000000
240.800	0.000000
241.000	0.000000
241.200	0.000000
241.400	0.000000
241.600	0.000000
241.800	0.000000
242.000	0.000000
242.200	0.000000
242.400	0.000000
242.600	0.000000
242.800	0.000000
243.000	0.000000
243.200	0.000000
243.400	0.000000
243.600	0.000000
243.800	0.000000
244.000	0.000000
244.200	0.000000
244.400	0.000000
244.600	0.000000
244.800	0.000000
245.000	0.000000
245.200	0.000000
245.400	0.000000
245.600	0.000000
245.800	0.000000
246.000	0.000000
246.200	0.000000
246.400	0.000000
246.600	0.000000
246.800	0.000000
247.000	0.000000
247.200	0.000000
247.400	0.000000
247.600	0.000000
247.800	0.000000
248.000	0.000000
248.200	0.000000
248.400	0.000000
248.600	0.000000
248.800	0.000000
249.000	0.000000
249.200	0.000000
249.400	0.000000
249.600	0.000000
249.800	0.000000
250.000	0.000000
250.200	0.000000
250.400	0.000000
250.600	0.000000
250.800	0.000000
251.000	0.000000
251.200	0.000000
251.400	0.000000
251.600	0.000000
251.800	0.000000
252.000	0.000000
252.200	0.000000
252.400	0.000000
252.600	0.000000
252.800	0.000000
253.000	0.000000
253.200	0.000000
253.400	0.000000
253.600	0.000000
253.800	0.000000
254.000	-0.117226
254.200	-0.073990
254.400	-0.030754
254.600	0.001270
254.800	0.015167
255.000	0.029064
255.200	0.042962
255.400	0.056859
255.600	0.070756
255.800	0.084654
256.000	0.098551
256.200	0.112449
256.400	0.126346
256.600	0.140243
256.800	0.128117
257.000	0.113447
257.200	0.098778
257.400	0.084108
257.600	0.069439
257.800	0.054769
258.000	0.040100
258.200	0.025430
258.400	0.010761
258.600	-0.003909
258.800	-0.024351
259.000	-0.052146
259.200	-0.079941
259.400	-0.107736
259.600	-0.135531
259.800	-0.163326
260.000	-0.176065
260.200	-0.158462
260.400	-0.140858
260.600	-0.123255
260.800	-0.105652
261.000	-0.088048
261.200	-0.070445
261.400	-0.052842
261.600	-0.035238
261.800	0.012851
262.000	0.080794
262.200	0.148737
262.400	0.171936
262.600	0.194584
262.800	0.217232
263.000	0.239879
263.200	0.262527
263.400	0.285174
263.600	0.307822
263.800	0.320203
264.000	0.266466
264.200	0.212729
264.400	0.158992
264.600	0.105255
264.800	0.017929
265.000	-0.078218
265.200	-0.132263
265.400	-0.186309
265.600	-0.240354
265.800	-0.294400
266.000	-0.348445
266.200	-0.329000
266.400	-0.290087
266.600	-0.251174
266.800	-0.212261
267.000	-0.175131
267.200	-0.140388
267.400	-0.105645
267.600	-0.070902
267.800	-0.014450
268.000	0.043456
268.200	0.101363
268.400	0.141084
268.600	0.158290
268.800	0.175496
269.000	0.192703
269.200	0.209909
269.400	0.227115
269.600	0.230478
269.800	0.206801
270.000	0.183124
270.200	0.159447
270.400	0.135770
270.600	0.112093
270.800	0.088416
271.000	0.064739
271.200	0.007596
271.400	-0.085054
271.600	-0.152564
271.800	-0.211242
272.000	-0.267561
272.200	-0.306937
272.400	-0.346312
272.600	-0.385688
272.800	-0.369944
273.000	-0.322075
273.200	-0.274206
273.400	-0.226337
273.600	-0.178468
273.800	-0.087166
274.000	0.084894
274.200	0.172485
274.400	0.207691
274.600	0.242897
274.800	0.278103
275.000	0.292119
275.200	0.253735
275.400	0.215352
275.600	0.176968
275.800	0.138585
276.000	0.100201
276.200	0.064554
276.400	0.041392
276.600	0.018230
276.800	-0.004933
277.000	-0.028095
277.200	-0.051257
277.400	-0.061297
277.600	-0.070562
277.800	-0.079827
278.000	-0.089092
278.200	-0.098357
278.400	-0.107622
278.600	-0.116887
278.800	-0.100650
279.000	-0.083444
279.200	-0.066238
279.400	-0.049031
279.600	-0.031825
279.800	-0.014618
280.000	0.012964
280.200	0.042303
280.400	0.071642
280.600	0.100981
280.800	0.130320
281.000	0.129999
281.200	0.111469
281.400	0.092940
281.600	0.074410
281.800	0.055880
282.000	0.037350
282.200	0.018820
282.400	0.000291
282.600	-0.018239
282.800	-0.036769
283.000	-0.055299
283.200	-0.060125
283.400	-0.028961
283.600	0.002203
283.800	0.033367
284.000	0.064531
284.200	0.095695
284.400	0.126859
284.600	0.158023
284.800	0.189187
285.000	0.220351
285.200	0.178126
285.400	0.100918
285.600	0.022244
285.800	-0.079667
286.000	-0.188856
286.200	-0.313935
286.400	-0.390251
286.600	-0.429627
286.800	-0.469003
287.000	-0.499101
287.200	-0.420348
287.400	-0.341595
287.600	-0.262842
287.800	-0.148670
288.000	-0.009701
288.200	0.137082
288.400	0.285321
288.600	0.420524
288.800	0.510858
289.000	0.601193
289.200	0.691527
289.400	0.645139
289.600	0.549401
289.800	0.452580
290.000	0.347578
290.200	0.242575
290.400	0.139114
290.600	0.037200
290.800	-0.064714
291.000	-0.394048
291.200	-0.599753
291.400	-0.699815
291.600	-0.799876
291.800	-0.899938
292.000	-1.000000
292.200	-0.877048
292.400	-0.688661
292.600	-0.564082
292.800	-0.646734
293.000	-0.374963
293.200	-0.103192
293.400	0.172698
293.600	0.575441
293.800	0.684947
294.000	0.766015
294.200	0.847083
294.400	0.861525
294.600	0.787406
294.800	0.713286
295.000	0.639167
295.200	0.565048
295.400	0.427212
295.600	0.024182
295.800	-0.256253
296.000	-0.385964
296.200	-0.455720
296.400	-0.500191
296.600	-0.544662
296.800	-0.589133
297.000	-0.605408
297.200	-0.567024
297.400	-0.528641
297.600	-0.490257
297.800	-0.451873
298.000	-0.413490
298.200	-0.363368
298.400	-0.274426
298.600	-0.185484
298.800	-0.096541
299.000	-0.007599
299.200	0.151667
299.400	0.321524
299.600	0.441709
299.800	0.413914
300.000	0.386119
300.200	0.358324
300.400	0.330529
300.600	0.302734
300.800	0.274939
301.000	0.247144
301.200	0.219349
301.400	0.184601
301.600	0.143571
301.800	0.102541
302.000	0.061511
302.200	0.020480
302.400	-0.020550
302.600	-0.102436
302.800	-0.241412
303.000	-0.334732
303.200	-0.405763
303.400	-0.469235
303.600	-0.400675
303.800	-0.332116
304.000	-0.263556
304.200	-0.194996
304.400	-0.096981
304.600	0.014200
304.800	0.125380
305.000	0.219124
305.200	0.243444
305.400	0.267764
305.600	0.292085
305.800	0.316405
306.000	0.340725
306.200	0.365045
306.400	0.374171
306.600	0.329390
306.800	0.284610
307.000	0.239829
307.200	0.195049
307.400	0.150268
307.600	0.017331
307.800	-0.109258
308.000	-0.211174
308.200	-0.296309
308.400	-0.364251
308.600	-0.432194
308.800	-0.412199
309.000	-0.379772
309.200	-0.347345
309.400	-0.314918
309.600	-0.282491
309.800	-0.250064
310.000	-0.217637
310.200	-0.154518
310.400	-0.087811
310.600	-0.021103
310.800	0.045605
311.000	0.160646
311.200	0.318152
311.400	0.339338
311.600	0.323659
311.800	0.307979
312.000	0.292300
312.200	0.276621
312.400	0.260942
312.600	0.245263
312.800	0.229584
313.000	0.213905
313.200	0.198226
313.400	0.182547
313.600	0.126585
313.800	0.020037
314.000	-0.050936
314.200	-0.106525
314.400	-0.162114
314.600	-0.209043
314.800	-0.222941
315.000	-0.236838
315.200	-0.250735
315.400	-0.264633
315.600	-0.278530
315.800	-0.239890
316.000	-0.199742
316.200	-0.159594
316.400	-0.119446
316.600	-0.079298
316.800	0.016578
317.000	0.132391
317.200	0.176257
317.400	0.219493
317.600	0.262730
317.800	0.305966
318.000	0.349202
318.200	0.331757
318.400	0.294697
318.600	0.257638
318.800	0.220578
319.000	0.183518
319.200	0.107909
319.400	-0.003267
319.600	-0.043851
319.800	-0.063925
320.000	-0.083999
320.200	-0.104073
320.400	-0.124147
320.600	-0.138392
320.800	-0.147657
321.000	-0.156922
321.200	-0.166187
321.400	-0.175452
321.600	-0.172759
321.800	-0.142648
322.000	-0.112536
322.200	-0.082425
322.400	-0.050430
322.600	-0.018003
322.800	0.014424
323.000	0.052086
323.200	0.100727
323.400	0.149367
323.600	0.198008
323.800	0.177509
324.000	0.143097
324.200	0.108684
324.400	0.074271
324.600	0.039858
324.800	0.005445
325.000	-0.019700
325.200	-0.041319
325.400	-0.062937
325.600	-0.084555
325.800	-0.106173
326.000	-0.111189
326.200	-0.098836
326.400	-0.086483
326.600	-0.074129
326.800	-0.061776
327.000	-0.049423
327.200	-0.037070
327.400	-0.024717
327.600	-0.012363
327.800	-0.000010
328.000	0.013343
328.200	0.082828
328.400	0.126144
328.600	0.099507
328.800	0.072870
329.000	0.046233
329.200	0.019597
329.400	-0.007040
329.600	-0.033677
329.800	-0.043368
330.000	-0.011867
330.200	0.019634
330.400	0.051135
330.600	0.082636
330.800	0.055394
331.000	0.023629
331.200	-0.008137
331.400	-0.039902
331.600	-0.071667
331.800	-0.103433
332.000	-0.090143
332.200	-0.066980
332.400	-0.043818
332.600	-0.022489
332.800	-0.004886
333.000	0.012718
333.200	0.030321
333.400	0.047924
333.600	0.065528
333.800	0.083131
334.000	0.100735
334.200	0.118338
334.400	0.115647
334.600	0.099644
334.800	0.083641
335.000	0.067638
335.200	0.051635
335.400	0.035632
335.600	0.019629
335.800	0.003626
336.000	-0.012377
336.200	-0.028400
336.400	-0.048253
336.600	-0.068107
336.800	-0.087960
337.000	-0.107814
337.200	-0.127668
337.400	-0.147521
337.600	-0.127747
337.800	-0.103427
338.000	-0.079107
338.200	-0.054786
338.400	-0.030466
338.600	-0.006146
338.800	0.018174
339.000	0.047801
339.200	0.077912
339.400	0.108024
339.600	0.121037
339.800	0.111000
340.000	0.100963
340.200	0.090926
340.400	0.080889
340.600	0.070852
340.800	0.060815
341.000	0.050778
341.200	0.040741
341.400	0.030704
341.600	0.020667
341.800	-0.003375
342.000	-0.028082
342.200	-0.052788
342.400	-0.077495
342.600	-0.102201
342.800	-0.097483
343.000	-0.081270
343.200	-0.065056
343.400	-0.048843
343.600	-0.032629
343.800	-0.016415
344.000	-0.000202
344.200	-0.006217
344.400	-0.020114
344.600	-0.034012
344.800	-0.047909
345.000	-0.061806
345.200	-0.053817
345.400	-0.024169
345.600	0.005479
345.800	0.035127
346.000	0.000000
346.200	0.000000
346.400	0.000000
346.600	0.000000
346.800	0.000000
347.000	0.000000
347.200	0.000000
347.400	0.000000
347.600	0.000000
347.800	0.000000
348.000	0.000000
348.200	0.000000
348.400	0.000000
348.600	0.000000
348.800	0.000000
349.000	0.000000
349.200	0.000000
349.400	0.000000
349.600	0.000000
349.800	0.000000
350.000	0.000000
350.200	0.000000
350.400	0.000000
350.600	0.000000
350.800	0.000000
351.000	0.000000
351.200	0.000000
351.400	0.000000
351.600	0.000000
351.800	0.000000
352.000	0.000000
352.200	0.000000
352.400	0.000000
352.600	0.000000
352.800	0.000000
353.000	0.000000
353.200	0.000000
353.400	0.000000
353.600	0.000000
353.800	0.000000
354.000	0.000000
354.200	0.000000
354.400	0.000000
354.600	0.000000
354.800	0.000000
355.000	0.000000
355.200	0.000000
355.400	0.000000
355.600	0.000000
355.800	0.000000
356.000	0.000000
356.200	0.000000
356.400	0.000000
356.600	0.000000
356.800	0.000000
357.000	0.000000
357.200	0.000000
357.400	0.000000
357.600	0.000000
357.800	0.000000
358.000	0.000000
358.200	0.000000
358.400	0.000000
358.600	0.000000
358.800	0.000000
359.000	0.000000
359.200	0.000000
359.400	0.000000
359.600	0.000000
359.800	0.000000
360.000	0.000000
360.200	0.000000
360.400	0.000000
360.600	0.000000
360.800	0.000000
361.000	0.000000
361.200	0.000000
361.400	0.000000
361.600	0.000000
361.800	0.000000
362.000	0.000000
362.200	0.000000
362.400	0.000000
362.600	0.000000
362.800	0.000000
363.000	0.000000
363.200	0.000000
363.400	0.000000
363.600	0.000000
363.800	0.000000
364.000	0.000000
364.200	0.000000
364.400	0.000000
364.600	0.000000
364.800	0.000000
365.000	0.000000
365.200	0.000000
365.400	0.000000
365.600	0.000000
365.800	0.000000
366.000	0.000000
366.200	0.000000
366.400	0.000000
366.600	0.000000
366.800	0.000000
367.000	0.000000
367.200	0.000000
367.400	0.000000
367.600	0.000000
367.800	0.000000
368.000	0.000000
368.200	0.000000
368.400	0.000000
368.600	0.000000
368.800	0.000000
369.000	0.000000
369.200	0.000000
369.400	0.000000
369.600	0.000000
369.800	0.000000
370.000	0.000000
370.200	0.000000
370.400	0.000000
370.600	0.000000
370.800	0.000000
371.000	0.000000
371.200	0.000000
371.400	0.000000
371.600	0.000000
371.800	0.000000
372.000	0.000000
372.200	0.000000
372.400	0.000000
372.600	0.000000
372.800	0.000000
373.000	0.000000
373.200	0.000000
373.400	0.000000
373.600	0.000000
373.800	0.000000
374.000	0.000000
374.200	0.000000
374.400	0.000000
374.600	0.000000
374.800	0.000000
375.000	0.000000
375.200	0.000000
375.400	0.000000
375.600	0.000000
375.800	0.000000
376.000	0.000000
376.200	0.000000
376.400	0.000000
376.600	0.000000
376.800	0.000000
377.000	0.000000
377.200	0.000000
377.400	0.000000
377.600	0.000000
377.800	0.000000
378.000	0.000000
378.200	0.000000
378.400	0.000000
378.600	0.000000
378.800	0.000000
379.000	0.000000
379.200	0.000000
379.400	0.000000
379.600	0.000000
379.800	0.000000
380.000	0.000000
380.200	0.000000
380.400	0.000000
380.600	0.000000
380.800	0.000000
381.000	0.000000
381.200	0.000000
381.400	0.000000
381.600	0.000000
381.800	0.000000
382.000	0.000000
382.200	0.000000
382.400	0.000000
382.600	0.000000
382.800	0.000000
383.000	0.000000
383.200	0.000000
383.400	0.000000
383.600	0.000000
383.800	0.000000
384.000	0.000000
384.200	0.000000
384.400	0.000000
384.600	0.000000
384.800	0.000000
385.000	0.000000
385.200	0.000000
385.400	0.000000
385.600	0.000000
385.800	0.000000
386.000	0.000000
386.200	0.000000
386.400	0.000000
386.600	0.000000
386.800	0.000000
387.000	0.000000
387.200	0.000000
387.400	0.000000
387.600	0.000000
387.800	0.000000
388.000	0.000000
388.200	0.000000
388.400	0.000000
388.600	0.000000
388.800	0.000000
389.000	0.000000
389.200	0.000000
389.400	0.000000
389.600	0.000000
389.800	0.000000
390.000	0.000000
390.200	0.000000
390.400	0.000000
390.600	0.000000
390.800	0.000000
391.000	0.000000
391.200	0.000000
391.400	0.000000
391.600	0.000000
391.800	0.000000
392.000	0.000000
392.200	0.000000
392.400	0.000000
392.600	0.000000
392.800	0.000000
393.000	0.000000
393.200	0.000000
393.400	0.000000
393.600	0.000000
393.800	0.000000
394.000	0.000000
394.200	0.000000
394.400	0.000000
394.600	0.000000
394.800	0.000000
395.000	0.000000
395.200	0.000000
395.400	0.000000
395.600	0.000000
395.800	0.000000
396.000	0.000000
396.200	0.000000
396.400	0.000000
396.600	0.000000
396.800	0.000000
397.000	0.000000
397.200	0.000000
397.400	0.000000
397.600	0.000000
397.800	0.000000
398.000	0.000000
398.200	0.000000
398.400	0.000000
398.600	0.000000
398.800	0.000000
399.000	0.000000
399.200	0.000000
399.400	0.000000
399.600	0.000000
399.800	0.000000
400.000	0.000000
400.200	0.000000
400.400	0.000000
400.600	0.000000
400.800	0.000000
401.000	0.000000
401.200	0.000000
401.400	0.000000
401.600	0.000000
401.800	0.000000
402.000	0.000000
402.200	0.000000
402.400	0.000000
402.600	0.000000
402.800	0.000000
403.000	0.000000
403.200	0.000000
403.400	0.000000
403.600	0.000000
403.800	0.000000
404.000	0.000000
404.200	0.000000
404.400	0.000000
404.600	0.000000
404.800	0.000000
405.000	0.000000
405.200	0.000000
405.400	0.000000
405.600	0.000000
405.800	0.000000
406.000	0.000000
406.200	0.000000
406.400	0.000000
406.600	0.000000
406.800	0.000000
407.000	0.000000
407.200	0.000000
407.400	0.000000
407.600	0.000000
407.800	0.000000
408.000	0.000000
408.200	0.000000
408.400	0.000000
408.600	0.000000
408.800	0.000000
409.000	0.000000
409.200	0.000000
409.400	0.000000
409.600	0.000000
409.800	0.000000
410.000	0.000000
410.200	0.000000
410.400	0.000000
410.600	0.000000
410.800	0.000000
411.000	0.000000
411.200	0.000000
411.400	0.000000
411.600	0.000000
411.800	0.000000
412.000	0.000000
412.200	0.000000
412.400	0.000000
412.600	0.000000
412.800	0.000000
413.000	0.000000
413.200	0.000000
413.400	0.000000
413.600	0.000000
413.800	0.000000
414.000	0.000000
414.200	0.000000
414.400	0.000000
414.600	0.000000
414.800	0.000000
415.000	0.000000
415.200	0.000000
415.400	0.000000
415.600	0.000000
415.800	0.000000
416.000	0.000000
416.200	0.000000
416.400	0.000000
416.600	0.000000
416.800	0.000000
417.000	0.000000
417.200	0.000000
417.400	0.000000
417.600	0.000000
417.800	0.000000
418.000	0.000000
418.200	0.000000
418.400	0.000000
418.600	0.000000
418.800	0.000000
419.000	0.000000
419.200	0.000000
419.400	0.000000
419.600	0.000000
419.800	0.000000
420.000	0.000000
420.200	0.000000
420.400	0.000000
420.600	0.000000
420.800	0.000000
421.000	0.000000
421.200	0.000000
421.400	0.000000
421.600	0.000000
421.800	0.000000
422.000	0.000000
422.200	0.000000
422.400	0.000000
422.600	0.000000
422.800	0.000000
423.000	0.000000
423.200	0.000000
423.400	0.000000
423.600	0.000000
423.800	0.000000
424.000	0.000000
424.200	0.000000
424.400	0.000000
424.600	0.000000
424.800	0.000000
425.000	0.000000
425.200	0.000000
425.400	0.000000
425.600	0.000000
425.800	0.000000
426.000	0.000000
426.200	0.000000
426.400	0.000000
426.600	0.000000
426.800	0.000000
427.000	0.000000
427.200	0.000000
427.400	0.000000
427.600	0.000000
427.800	0.000000
428.000	0.000000
428.200	0.000000
428.400	0.000000
428.600	0.000000
428.800	0.000000
429.000	0.000000
429.200	0.000000
429.400	0.000000
429.600	0.000000
429.800	0.000000
430.000	0.000000
430.200	0.000000
430.400	0.000000
430.600	0.000000
430.800	0.000000
431.000	0.000000
431.200	0.000000
431.400	0.000000
431.600	0.000000
431.800	0.000000
432.000	0.000000
432.200	0.000000
432.400	0.000000
432.600	0.000000
432.800	0.000000
433.000	0.000000
433.200	0.000000
433.400	0.000000
433.600	0.000000
433.800	0.000000
434.000	0.000000
434.200	0.000000
434.400	0.000000
434.600	0.000000
434.800	0.000000
435.000	0.000000
435.200	0.000000
435.400	0.000000
435.600	0.000000
435.800	0.000000
436.000	0.000000
436.200	0.000000
436.400	0.000000
436.600	0.000000
436.800	0.000000
437.000	0.000000
437.200	0.000000
437.400	0.000000
437.600	0.000000
437.800	0.000000
438.000	0.000000
438.200	0.000000
438.400	0.000000
438.600	0.000000
438.800	0.000000
439.000	0.000000
439.200	0.000000
439.400	0.000000
439.600	0.000000
439.800	0.000000
440.000	0.000000
440.200	0.000000
440.400	0.000000
440.600	0.000000
440.800	0.000000
441.000	0.000000
441.200	0.000000
441.400	0.000000
441.600	0.000000
441.800	0.000000
442.000	0.000000
442.200	0.000000
442.400	0.000000
442.600	0.000000
442.800	0.000000
443.000	0.000000
443.200	0.000000
443.400	0.000000
443.600	0.000000
443.800	0.000000
444.000	0.000000
444.200	0.000000
444.400	0.000000
444.600	0.000000
444.800	0.000000
445.000	0.000000
445.200	0.000000
445.400	0.000000
445.600	0.000000
445.800	0.000000
446.000	0.000000
446.200	0.000000
446.400	0.000000
446.600	0.000000
446.800	0.000000
447.000	0.000000
447.200	0.000000
447.400	0.000000
447.600	0.000000
447.800	0.000000
448.000	0.000000
448.200	0.000000
448.400	0.000000
448.600	0.000000
448.800	0.000000
449.000	0.000000
449.200	0.000000
449.400	0.000000
449.600	0.000000
449.800	0.000000
450.000	0.000000
450.200	0.000000
450.400	0.000000
450.600	0.000000
450.800	0.000000
451.000	0.000000
451.200	0.000000
451.400	0.000000
451.600	0.000000
451.800	0.000000
452.000	0.000000
452.200	0.000000
452.400	0.000000
452.600	0.000000
452.800	0.000000
453.000	0.000000
453.200	0.000000
453.400	0.000000
453.600	0.000000
453.800	0.000000
454.000	0.000000
454.200	0.000000
454.400	0.000000
454.600	0.000000
454.800	0.000000
455.000	0.000000
455.200	0.000000
455.400	0.000000
455.600	0.000000
455.800	0.000000
456.000	0.000000
456.200	0.000000
456.400	0.000000
456.600	0.000000
456.800	0.000000
457.000	0.000000
457.200	0.000000
457.400	0.000000
457.600	0.000000
457.800	0.000000
458.000	0.000000
458.200	0.000000
458.400	0.000000
458.600	0.000000
458.800	0.000000
459.000	0.000000
459.200	0.000000
459.400	0.000000
459.600	0.000000
459.800	0.000000
460.000	0.000000
460.200	0.000000
460.400	0.000000
460.600	0.000000
460.800	0.000000
461.000	0.000000
461.200	0.000000
461.400	0.000000
461.600	0.000000
461.800	0.000000
462.000	0.000000
462.200	0.000000
462.400	0.000000
462.600	0.000000
462.800	0.000000
463.000	0.000000
463.200	0.000000
463.400	0.000000
463.600	0.000000
463.800	0.000000
464.000	0.000000
464.200	0.000000
464.400	0.000000
464.600	0.000000
464.800	0.000000
465.000	0.000000
465.200	0.000000
465.400	0.000000
465.600	0.000000
465.800	0.000000
466.000	0.000000
466.200	0.000000
466.400	0.000000
466.600	0.000000
466.800	0.000000
467.000	0.000000
467.200	0.000000
467.400	0.000000
467.600	0.000000
467.800	0.000000
468.000	0.000000
468.200	0.000000
468.400	0.000000
468.600	0.000000
468.800	0.000000
469.000	0.000000
469.200	0.000000
469.400	0.000000
469.600	0.000000
469.800	0.000000
470.000	0.000000
470.200	0.000000
470.400	0.000000
470.600	0.000000
470.800	0.000000
471.000	0.000000
471.200	0.000000
471.400	0.000000
471.600	0.000000
471.800	0.000000
472.000	0.000000
472.200	0.000000
472.400	0.000000
472.600	0.000000
472.800	0.000000
473.000	0.000000
473.200	0.000000
473.400	0.000000
473.600	0.000000
473.800	0.000000
474.000	0.000000
474.200	0.000000
474.400	0.000000
474.600	0.000000
474.800	0.000000
475.000	0.000000
475.200	0.000000
475.400	0.000000
475.600	0.000000
475.800	0.000000
476.000	0.000000
476.200	0.000000
476.400	0.000000
476.600	0.000000
476.800	0.000000
477.000	0.000000
477.200	0.000000
477.400	0.000000
477.600	0.000000
477.800	0.000000
478.000	0.000000
478.200	0.000000
478.400	0.000000
478.600	0.000000
478.800	0.000000
479.000	0.000000
479.200	0.000000
479.400	0.000000
479.600	0.000000
479.800	0.000000
480.000	0.000000
480.200	0.000000
480.400	0.000000
480.600	0.000000
480.800	0.000000
481.000	0.000000
481.200	0.000000
481.400	0.000000
481.600	0.000000
481.800	0.000000
482.000	0.000000
482.200	0.000000
482.400	0.000000
482.600	0.000000
482.800	0.000000
483.000	0.000000
483.200	0.000000
483.400	0.000000
483.600	0.000000
483.800	0.000000
484.000	0.000000
484.200	0.000000
484.400	0.000000
484.600	0.000000
484.800	0.000000
485.000	0.000000
485.200	0.000000
485.400	0.000000
485.600	0.000000
485.800	0.000000
486.000	0.000000
486.200	0.000000
486.400	0.000000
486.600	0.000000
486.800	0.000000
487.000	0.000000
487.200	0.000000
487.400	0.000000
487.600	0.000000
487.800	0.000000
488.000	0.000000
488.200	0.000000
488.400	0.000000
488.600	0.000000
488.800	0.000000
489.000	0.000000
489.200	0.000000
489.400	0.000000
489.600	0.000000
489.800	0.000000
490.000	0.000000
490.200	0.000000
490.400	0.000000
490.600	0.000000
490.800	0.000000
491.000	0.000000
491.200	0.000000
491.400	0.000000
491.600	0.000000
491.800	0.000000
492.000	0.000000
492.200	0.000000
492.400	0.000000
492.600	0.000000
492.800	0.000000
493.000	0.000000
493.200	0.000000
493.400	0.000000
493.600	0.000000
493.800	0.000000
494.000	0.000000
494.200	0.000000
494.400	0.000000
494.600	0.000000
494.800	0.000000
495.000	0.000000
495.200	0.000000
495.400	0.000000
495.600	0.000000
495.800	0.000000
496.000	0.000000
496.200	0.000000
496.400	0.000000
496.600	0.000000
496.800	0.000000
497.000	0.000000
497.200	0.000000
497.400	0.000000
497.600	0.000000
497.800	0.000000
498.000	0.000000
498.200	0.000000
498.400	0.000000
498.600	0.000000
498.800	0.000000
499.000	0.000000
499.200	0.000000
499.400	0.000000
499.600	0.000000
499.800	0.000000
500.000	0.000000
500.200	0.000000
500.400	0.000000
500.600	0.000000
500.800	0.000000
501.000	0.000000
501.200	0.000000
501.400	0.000000
501.600	0.000000
501.800	0.000000
502.000	0.000000
502.200	0.000000
502.400	0.000000
502.600	0.000000
502.800	0.000000
503.000	0.000000
503.200	0.000000
503.400	0.000000
503.600	0.000000
503.800	0.000000
504.000	0.000000
504.200	0.000000
504.400	0.000000
504.600	0.000000
504.800	0.000000
505.000	0.000000
505.200	0.000000
505.400	0.000000
505.600	0.000000
505.800	0.000000
506.000	0.000000
506.200	0.000000
506.400	0.000000
506.600	0.000000
506.800	0.000000
507.000	0.000000
507.200	0.000000
507.400	0.000000
507.600	0.000000
507.800	0.000000
508.000	0.000000
508.200	0.000000
508.400	0.000000
508.600	0.000000
508.800	0.000000
509.000	0.000000
509.200	0.000000
509.400	0.000000
509.600	0.000000
509.800	0.000000
510.000	0.000000
510.200	0.000000
510.400	0.000000
510.600	0.000000
510.800	0.000000
511.000	0.000000
511.200	0.000000
511.400	0.000000
511.600	0.000000
511.800	0.000000
512.000	0.000000
512.200	0.000000
512.400	0.000000
512.600	0.000000
512.800	0.000000
513.000	0.000000
513.200	0.000000
513.400	0.000000
513.600	0.000000
513.800	0.000000
514.000	0.000000
514.200	0.000000
514.400	0.000000
514.600	0.000000
514.800	0.000000
515.000	0.000000
515.200	0.000000
515.400	0.000000
515.600	0.000000
515.800	0.000000
516.000	0.000000
516.200	0.000000
516.400	0.000000
516.600	0.000000
516.800	0.000000
517.000	0.000000
517.200	0.000000
517.400	0.000000
517.600	0.000000
517.800	0.000000
518.000	0.000000
518.200	0.000000
518.400	0.000000
518.600	0.000000
518.800	0.000000
519.000	0.000000
519.200	0.000000
519.400	0.000000
519.600	0.000000
519.800	0.000000
520.000	0.000000
520.200	0.000000
520.400	0.000000
520.600	0.000000
520.800	0.000000
521.000	0.000000
521.200	0.000000
521.400	0.000000
521.600	0.000000
521.800	0.000000
522.000	0.000000
522.200	0.000000
522.400	0.000000
522.600	0.000000
522.800	0.000000
523.000	0.000000
523.200	0.000000
523.400	0.000000
523.600	0.000000
523.800	0.000000
524.000	0.000000
524.200	0.000000
524.400	0.000000
524.600	0.000000
524.800	0.000000
525.000	0.000000
525.200	0.000000
525.400	0.000000
525.600	0.000000
525.800	0.000000
526.000	0.000000
526.200	0.000000
526.400	0.000000
526.600	0.000000
526.800	0.000000
527.000	0.000000
527.200	0.000000
527.400	0.000000
527.600	0.000000
527.800	0.000000
528.000	0.000000
528.200	0.000000
528.400	0.000000
528.600	0.000000
528.800	0.000000
529.000	0.000000
529.200	0.000000
529.400	0.000000
529.600	0.000000
529.800	0.000000
530.000	0.000000
530.200	0.000000
530.400	0.000000
530.600	0.000000
530.800	0.000000
531.000	0.000000
531.200	0.000000
531.400	0.000000
531.600	0.000000
531.800	0.000000
532.000	0.000000
532.200	0.000000
532.400	0.000000
532.600	0.000000
532.800	0.000000
533.000	0.000000
533.200	0.000000
533.400	0.000000
533.600	0.000000
533.800	0.000000
534.000	0.000000
534.200	0.000000
534.400	0.000000
534.600	0.000000
534.800	0.000000
535.000	0.000000
535.200	0.000000
535.400	0.000000
535.600	0.000000
535.800	0.000000
536.000	0.000000
536.200	0.000000
536.400	0.000000
536.600	0.000000
536.800	0.000000
537.000	0.000000
537.200	0.000000
537.400	0.000000
537.600	0.000000
537.800	0.000000
538.000	0.000000
538.200	0.000000
538.400	0.000000
538.600	0.000000
538.800	0.000000
539.000	0.000000
539.200	0.000000
539.400	0.000000
539.600	0.000000
539.800	0.000000
540.000	0.000000
540.200	0.000000
540.400	0.000000
540.600	0.000000
540.800	0.000000
541.000	0.000000
541.200	0.000000
541.400	0.000000
541.600	0.000000
541.800	0.000000
542.000	0.000000
542.200	0.000000
542.400	0.000000
542.600	0.000000
542.800	0.000000
543.000	0.000000
543.200	0.000000
543.400	0.000000
543.600	0.000000
543.800	0.000000
544.000	0.000000
544.200	0.000000
544.400	0.000000
544.600	0.000000
544.800	0.000000
545.000	0.000000
545.200	0.000000
545.400	0.000000
545.600	0.000000
545.800	0.000000
546.000	0.000000
546.200	0.000000
546.400	0.000000
546.600	0.000000
546.800	0.000000
547.000	0.000000
547.200	0.000000
547.400	0.000000
547.600	0.000000
547.800	0.000000
548.000	0.000000
548.200	0.000000
548.400	0.000000
548.600	0.000000
548.800	0.000000
549.000	0.000000
549.200	0.000000
549.400	0.000000
549.600	0.000000
549.800	0.000000
550.000	0.000000
550.200	0.000000
550.400	0.000000
550.600	0.000000
550.800	0.000000
551.000	0.000000
551.200	0.000000
551.400	0.000000
551.600	0.000000
551.800	0.000000
552.000	0.000000
552.200	0.000000
552.400	0.000000
552.600	0.000000
552.800	0.000000
553.000	0.000000
553.200	0.000000
553.400	0.000000
553.600	0.000000
553.800	0.000000
554.000	0.000000
554.200	0.000000
554.400	0.000000
554.600	0.000000
554.800	0.000000
555.000	0.000000
555.200	0.000000
555.400	0.000000
555.600	0.000000
555.800	0.000000
556.000	0.000000
556.200	0.000000
556.400	0.000000
556.600	0.000000
556.800	0.000000
557.000	0.000000
557.200	0.000000
557.400	0.000000
557.600	0.000000
557.800	0.000000
558.000	0.000000
558.200	0.000000
558.400	0.000000
558.600	0.000000
558.800	0.000000
559.000	0.000000
559.200	0.000000
559.400	0.000000
559.600	0.000000
559.800	0.000000
560.000	0.000000
560.200	0.000000
560.400	0.000000
560.600	0.000000
560.800	0.000000
561.000	0.000000
561.200	0.000000
561.400	0.000000
561.600	0.000000
561.800	0.000000
562.000	0.000000
562.200	0.000000
562.400	0.000000
562.600	0.000000
562.800	0.000000
563.000	0.000000
563.200	0.000000
563.400	0.000000
563.600	0.000000
563.800	0.000000
564.000	0.000000
564.200	0.000000
564.400	0.000000
564.600	0.000000
564.800	0.000000
565.000	0.000000
565.200	0.000000
565.400	0.000000
565.600	0.000000
565.800	0.000000
566.000	0.000000
566.200	0.000000
566.400	0.000000
566.600	0.000000
566.800	0.000000
567.000	0.000000
567.200	0.000000
567.400	0.000000
567.600	0.000000
567.800	0.000000
568.000	0.000000
568.200	0.000000
568.400	0.000000
568.600	0.000000
568.800	0.000000
569.000	0.000000
569.200	0.000000
569.400	0.000000
569.600	0.000000
569.800	0.000000
570.000	0.000000
570.200	0.000000
570.400	0.000000
570.600	0.000000
570.800	0.000000
571.000	0.000000
571.200	0.000000
571.400	0.000000
571.600	0.000000
571.800	0.000000
572.000	0.000000
572.200	0.000000
572.400	0.000000
572.600	0.000000
572.800	0.000000
573.000	0.000000
573.200	0.000000
573.400	0.000000
573.600	0.000000
573.800	0.000000
574.000	0.000000
574.200	0.000000
574.400	0.000000
574.600	0.000000
574.800	0.000000
575.000	0.000000
575.200	0.000000
575.400	0.000000
575.600	0.000000
575.800	0.000000
576.000	0.000000
576.200	0.000000
576.400	0.000000
576.600	0.000000
576.800	0.000000
577.000	0.000000
577.200	0.000000
577.400	0.000000
577.600	0.000000
577.800	0.000000
578.000	0.000000
578.200	0.000000
578.400	0.000000
578.600	0.000000
578.800	0.000000
579.000	0.000000
579.200	0.000000
579.400	0.000000
579.600	0.000000
579.800	0.000000
580.000	0.000000
580.200	0.000000
580.400	0.000000
580.600	0.000000
580.800	0.000000
581.000	0.000000
581.200	0.000000
581.400	0.000000
581.600	0.000000
581.800	0.000000
582.000	0.000000
582.200	0.000000
582.400	0.000000
582.600	0.000000
582.800	0.000000
583.000	0.000000
583.200	0.000000
583.400	0.000000
583.600	0.000000
583.800	0.000000
584.000	0.000000
584.200	0.000000
584.400	0.000000
584.600	0.000000
584.800	0.000000
585.000	0.000000
585.200	0.000000
585.400	0.000000
585.600	0.000000
585.800	0.000000
586.000	0.000000
586.200	0.000000
586.400	0.000000
586.600	0.000000
586.800	0.000000
587.000	0.000000
587.200	0.000000
587.400	0.000000
587.600	0.000000
587.800	0.000000
588.000	0.000000
588.200	0.000000
588.400	0.000000
588.600	0.000000
588.800	0.000000
589.000	0.000000
589.200	0.000000
589.400	0.000000
589.600	0.000000
589.800	0.000000
590.000	0.000000
590.200	0.000000
590.400	0.000000
590.600	0.000000
590.800	0.000000
591.000	0.000000
591.200	0.000000
591.400	0.000000
591.600	0.000000
591.800	0.000000
592.000	0.000000
592.200	0.000000
592.400	0.000000
592.600	0.000000
592.800	0.000000
593.000	0.000000
593.200	0.000000
593.400	0.000000
593.600	0.000000
593.800	0.000000
594.000	0.000000
594.200	0.000000
594.400	0.000000
594.600	0.000000
594.800	0.000000
595.000	0.000000
595.200	0.000000
595.400	0.000000
595.600	0.000000
595.800	0.000000
596.000	0.000000
596.200	0.000000
596.400	0.000000
596.600	0.000000
596.800	0.000000
597.000	0.000000
597.200	0.000000
597.400	0.000000
597.600	0.000000
597.800	0.000000
598.000	0.000000
598.200	0.000000
598.400	0.000000
598.600	0.000000
598.800	0.000000
599.000	0.000000
599.200	0.000000
599.400	0.000000
599.600	0.000000
599.800	0.000000
